kinematics:
  shoulder:
    x: 0
    y: 0
    z: 0.1520889952043873
    roll: -0
    pitch: 0
    yaw: -2.556583373614085e-07
  upper_arm:
    x: 8.797731981521451e-05
    y: 0
    z: 0
    roll: 1.570818149626228
    pitch: 0
    yaw: -6.943158832317665e-06
  forearm:
    x: -0.2440591371609286
    y: 0
    z: 0
    roll: 0.005055004565141472
    pitch: 0.002094261205125684
    yaw: -3.705684078796675e-06
  wrist_1:
    x: -0.2135480568269818
    y: -0.000261884718165439
    z: 0.1313878730638351
    roll: 0.0019932156997732
    pitch: -0.0004730116010751162
    yaw: 9.228628131094163e-06
  wrist_2:
    x: 5.734745552099243e-05
    y: -0.08553847376781552
    z: -7.26741218037809e-05
    roll: 1.571645934008077
    pitch: 0
    yaw: 3.098959732224238e-06
  wrist_3:
    x: -0.0001347805361860344
    y: 0.09243410412513418
    z: -0.0001852238563945163
    roll: 1.568792481891201
    pitch: 3.141592653589793
    yaw: -3.141592260476689
  hash: calib_1717127394757026983