kinematics:
  shoulder:
    x: 0
    y: 0
    z: 0.1518352912933345
    roll: -0
    pitch: 0
    yaw: -3.461486460461932e-05
  upper_arm:
    x: -4.140676977902521e-05
    y: 0
    z: 0
    roll: 1.570709246172288
    pitch: 0
    yaw: -9.15155878411511e-06
  forearm:
    x: -0.2439575213514726
    y: 0
    z: 0
    roll: 0.004212755809088244
    pitch: 0.0005042478218929241
    yaw: 0.0001282987811039576
  wrist_1:
    x: -0.2130923155711446
    y: 0.00147752476488493
    z: 0.1135065971722527
    roll: 3.128576306017155
    pitch: 3.136811821836113
    yaw: 3.141557548111884
  wrist_2:
    x: -1.128837859884011e-05
    y: -0.08538293557366894
    z: -3.642013648019279e-05
    roll: 1.57122287729971
    pitch: 0
    yaw: -9.805980565223625e-06
  wrist_3:
    x: -1.63513097614105e-06
    y: 0.08239585589482465
    z: -1.585604092184296e-05
    roll: 1.570603889438018
    pitch: 3.141592653589793
    yaw: 3.141576247421207
  hash: calib_7773685527073282417